1931,34.6,35.2,41.5,48.3,57.3,60.0,67.0,65.2,57.3,48.2,34.7,29.7,48.3
1932,27.8,31.0,39.8,48.1,53.2,61.9,62.4,64.5,58.6,49.7,41.3,28.6,47.2
1933,31.0,26.7,39.2,46.3,50.0,59.0,65.1,66.3,54.6,50.5,40.8,37.1,47.2
1934,36.9,40.2,46.2,54.2,57.1,61.2,65.0,66.5,56.2,50.6,42.6,34.2,50.9
1935,30.5,36.4,37.5,44.8,53.5,59.6,65.0,63.6,60.7,47.1,34.5,33.3,47.2
1936,32.9,21.2,38.5,49.6,57.7,61.3,65.7,65.7,57.3,51.9,36.0,34.6,47.7
1937,15.9,29.8,42.2,45.0,54.1,60.6,66.5,62.1,59.4,52.0,41.0,35.0,47.0
1938,32.6,34.2,40.0,48.3,54.5,62.3,68.5,63.0,63.2,50.1,36.0,33.3,48.8
1939,34.8,31.0,40.8,49.5,55.3,57.5,66.1,66.4,59.1,49.2,41.3,38.0,49.1
1940,32.2,37.0,44.4,49.0,57.2,63.1,66.3,65.8,61.8,51.5,34.5,34.4,49.8
1941,33.7,38.4,46.1,50.7,54.1,59.8,69.6,64.9,54.6,48.7,41.2,34.4,49.7
1942,27.5,34.9,40.4,48.8,52.5,57.9,67.4,67.7,60.2,50.6,36.1,33.1,48.1
1943,23.7,35.6,37.6,49.2,51.0,57.2,65.5,63.1,61.1,49.8,39.5,31.9,47.1
1944,30.6,34.2,38.7,47.5,54.4,60.0,66.4,63.9,60.8,53.6,38.3,30.2,48.2
1945,33.8,36.5,38.7,44.2,55.0,58.5,66.8,65.8,56.0,50.6,36.5,31.8,47.9
1946,32.3,34.9,40.6,46.9,56.1,57.6,65.4,65.3,57.2,44.6,34.9,32.9,47.4
1947,27.4,36.9,43.6,48.8,58.1,58.6,64.7,62.9,58.8,49.0,38.2,34.3,48.4
1948,30.3,31.3,37.8,43.1,52.0,62.9,62.5,62.1,56.8,47.0,37.0,26.2,45.8
1949,16.7,29.0,40.1,48.7,56.9,58.9,63.7,64.0,59.7,45.0,43.6,31.9,46.5
1950,14.5,31.2,37.6,43.9,51.2,59.3,65.2,65.7,59.4,46.7,37.7,36.8,45.8
1951,29.9,33.6,35.4,47.8,53.8,60.2,66.1,64.0,58.9,47.3,37.4,27.5,46.8
1952,26.1,33.8,38.6,48.3,54.2,57.9,65.8,64.8,60.9,53.4,35.2,33.7,47.7
1953,38.5,37.1,40.8,45.3,52.0,55.6,64.6,64.4,59.3,50.6,41.4,36.3,48.8
1954,28.5,36.3,37.2,43.9,53.8,55.6,62.4,61.1,57.1,46.7,43.5,32.8,46.6
1955,31.0,31.9,33.6,41.5,49.4,59.4,62.1,63.5,57.5,48.0,31.4,28.9,44.9
1956,30.5,26.5,36.9,48.5,56.5,57.0,66.9,64.6,58.1,46.5,35.9,33.6,46.8
1957,20.3,32.0,39.8,47.7,57.5,60.5,63.0,61.7,61.4,47.0,37.9,36.4,47.1
1958,35.2,41.6,39.9,45.9,60.0,64.4,69.9,68.6,57.6,50.1,36.9,35.8,50.5
1959,31.9,33.7,40.3,47.4,51.1,59.5,66.7,62.3,55.8,48.4,36.2,33.2,47.2
1960,27.1,34.7,39.6,46.6,51.2,59.9,68.9,62.4,58.3,49.9,38.1,31.3,47.3
1961,34.5,39.3,41.4,45.8,53.3,64.2,68.0,69.5,55.5,46.3,34.3,31.6,48.6
1962,29.3,35.9,37.9,49.1,50.2,58.8,64.1,62.8,59.3,49.0,41.0,36.1,47.8
1963,26.6,39.9,41.3,45.2,53.9,59.3,62.6,65.1,62.9,50.9,39.7,32.2,48.3
1964,33.5,35.1,38.4,44.3,51.4,58.5,64.5,61.4,55.7,49.2,36.8,28.4,46.4
1965,32.3,36.2,39.0,48.1,51.7,59.7,66.5,65.7,55.5,51.9,42.0,32.9,48.5
1966,31.9,36.0,40.2,47.2,54.6,57.8,63.4,64.8,61.3,48.2,40.6,36.8,48.6
1967,36.2,38.6,39.1,43.0,53.1,62.8,66.7,70.1,63.7,49.2,39.6,31.9,49.5
1968,32.1,39.3,43.7,44.8,53.8,59.6,67.4,62.5,58.5,46.5,39.2,28.8,48.0
1969,21.2,31.3,40.1,46.5,56.6,64.4,64.2,62.9,58.6,46.3,39.9,34.0,47.2
1970,30.4,38.5,40.2,43.0,53.4,63.5,66.9,65.7,54.5,46.5,38.1,30.2,47.6
1971,32.4,35.9,36.2,45.3,54.8,56.1,66.2,68.8,54.7,46.3,38.5,29.2,47.0
1972,27.7,33.7,41.8,42.7,55.5,59.8,64.8,67.0,54.2,47.3,39.7,28.1,46.9
1973,29.2,36.4,41.8,47.2,55.0,59.5,66.4,64.0,58.9,47.7,35.6,36.3,48.2
1974,28.2,37.2,40.1,46.6,50.4,61.8,64.0,65.8,61.1,49.4,40.2,35.6,48.4
1975,30.5,31.7,37.6,43.0,52.7,57.9,68.0,61.8,59.9,47.7,37.6,34.2,46.9
1976,33.6,35.0,37.2,45.7,53.3,56.6,64.3,62.3,61.0,48.6,39.7,33.8,47.6
1977,27.6,38.7,39.8,50.0,50.7,62.7,64.0,69.0,55.5,47.5,36.3,32.6,47.9
1978,32.8,37.5,43.3,47.0,51.9,62.2,66.1,64.1,56.2,49.1,33.5,27.0,47.6
1979,20.2,32.7,42.6,46.6,55.2,60.9,66.8,66.0,61.1,51.0,35.7,36.6,48.0
1980,25.0,35.3,39.9,49.8,54.1,57.1,65.0,61.9,58.2,49.4,39.9,35.9,47.6
1981,37.4,37.1,44.1,46.5,53.3,56.8,63.8,68.7,58.9,46.8,40.9,32.7,48.9
1982,29.5,34.3,40.6,43.6,53.0,63.1,64.1,65.1,58.5,47.8,35.1,31.7,47.2
1983,36.8,39.3,44.3,47.1,56.2,59.1,62.5,66.6,55.3,47.9,41.2,23.9,48.4
1984,33.1,37.3,43.7,45.3,50.5,58.0,65.9,65.7,55.9,45.3,37.6,26.0,47.0
1985,27.6,30.0,39.0,48.0,55.2,60.5,70.7,63.9,54.5,46.7,26.8,25.2,45.7
1986,34.8,35.4,45.0,46.1,54.8,64.3,62.7,69.9,55.8,50.9,39.3,32.5,49.3
1987,31.1,38.5,43.4,51.1,56.6,62.8,65.0,65.3,61.9,51.1,42.0,31.1,50.0
1988,30.5,37.6,41.8,49.1,54.0,59.5,65.8,65.3,58.7,53.5,39.9,32.5,49.0
1989,33.2,26.9,39.0,50.2,53.7,62.6,64.8,63.8,60.2,48.6,41.4,34.6,48.3
1990,36.0,33.2,43.0,50.7,53.1,59.6,68.8,67.2,63.1,46.4,41.3,25.7,49.0
1991,29.6,41.8,39.7,47.0,52.4,56.9,66.3,67.4,61.4,48.2,38.9,36.0,48.8
1992,35.9,41.0,46.9,49.9,58.0,65.6,66.1,66.9,57.0,50.0,38.6,29.0,50.4
1993,25.7,31.4,40.8,46.9,59.2,58.4,59.7,64.0,59.1,50.9,33.7,33.3,46.9
1994,37.8,33.5,44.1,50.7,56.5,59.9,69.0,66.5,62.4,48.7,35.6,33.3,49.8
1995,33.7,39.2,41.8,47.2,56.8,60.6,66.8,62.1,62.3,46.5,42.4,32.5,49.3
1996,30.8,32.9,41.4,48.5,50.8,59.6,68.2,66.3,56.5,47.6,37.1,29.4,47.4
1997,31.7,35.7,41.1,46.0,56.7,59.3,65.3,68.2,60.8,48.2,41.4,33.9,49.0
1998,33.8,39.9,43.2,48.0,55.2,61.0,70.5,68.1,63.3,48.6,41.8,32.0,50.5
1999,35.9,36.9,40.8,46.2,51.1,58.7,64.0,67.4,58.3,48.1,43.0,36.0,48.9
2000,32.0,36.6,41.2,50.0,53.7,60.7,65.2,64.9,57.7,48.1,34.2,30.7,47.9
